Low Estimate,High Estimate
-52944.64438531796,-64734.4063310616
-107863.96024056619,-145422.3229387345
0.005500649276655167,0.005177079088753089
1.6661942936480045e-09,2.5684130378067493e-09
4.94765117764473e-09,6.28642737865448e-09
-67420.7877964735,-85928.01911829354
-6.548361852765083e-10,-4.656612873077393e-10
-43280.198177645434,-59710.73878699175
7.075868779793382e-10,1.051375875249505e-09
-111987.40010530956,-157807.14956151362
-86153.18468080439,-114647.64742172507
-3.728928277269006e-09,-5.0495145842432976e-09
-89493.21722381872,-150846.18753755468
-1.3533281162381172e-09,-1.862645149230957e-09
-30582.194824189755,-51977.72545600828
-72880.05489224901,-97740.68936334834
-28286.51626525139,-39920.63227646814
-109396.31756054392,-145700.87969020827
-109396.2885125101,-145700.8486263592
-109396.2395324457,-145700.79732828212
-107205.61933425492,-147070.49206228356
-86153.20379351103,-114647.66837091083
-116947.59855843107,-158708.78971060325
-86601.91548646813,-111840.82794988979
-39571.42958116316,-53060.98107044416
-18270.83692658802,-24131.844774240224
-17639.189559254588,-23583.540683768344
-32178.880903379206,-45310.58893387459
-49798.65975223375,-85348.35879994907
-54656.29251628133,-71316.03088532433
-66307.82773131065,-106133.64441376744
-66307.75668590807,-106133.56886047841
5.093170329928398e-11,4.3655745685100555e-11
-73538.43160195461,-117005.61401674274
-51871.673459058766,-90508.01404592795
-73538.50581462671,-117005.68859161514
-70215.75119236566,-106028.64547623508
-60241.670639101285,-77628.66234812266
1.8180592846396834e-18,0.0
-64113.099995078206,-81007.83355271879
-67420.93597149191,-85928.1910816849
-67421.27778258269,-85928.53735630712
-534.119993798821,-653.0583236423697
-1027.2758118149059,-1384.9745041784038
6.018947027541799e-05,5.6648875471410065e-05
0.0,0.0
0.0,0.0
-1487.2232602163162,-1895.4710099623376
0.0,0.0
-1064.2671683027327,-1468.29685541779
0.0,0.0
-10514.49141948988,-14816.505414344601
-942.7096196075096,-1254.503132881998
0.0,0.0
-94147.25235571538,-158690.84301079306
0.0,0.0
-32172.60148893587,-54680.79243530161
-24821.640115570633,-33288.726519370844
-9550.035999089372,-13477.922546970542
-1197.041772699014,-1594.2953400752974
-1197.04145484813,-1594.2950001668346
-1197.0409188960762,-1594.294438850515
-1173.0706066969904,-1609.281980012794
-942.7098287435933,-1254.5033621133193
-1279.6697714600407,-1736.6311336114704
-947.6197439248721,-1223.7902146492393
-973.0679405203758,-1304.7782230436737
-449.282875243958,-593.4060190386816
-433.7505629324896,-579.923131568076
-10864.168219087485,-15297.668733776445
-52388.405871526935,-89786.84333125809
-5067.293857736171,-6611.851419590538
-69756.12213120537,-111653.05387407166
-69756.04739113411,-111652.97439168426
0.0,0.0
-77362.7487383509,-123090.41301219625
-54569.22527491443,-95214.82301039652
-77362.82681040354,-123090.49146528516
-38417.84887724319,-58012.517268457
-754.5929516380054,-972.3840795171799
0.0,0.0
-803.0868475375049,-1014.7119025392649
-1487.2265287828711,-1895.474803272407
-1487.2340687334538,-1895.4824416832573
0.0,0.0
-6838.721832939365,-9219.97312781643
3.343864407412411e-05,3.1471665188576026e-05
0.0,0.0
0.0,0.0
0.0,0.0
0.0,0.0
-3405.6549385687877,-4698.549937336995
0.0,0.0
-1268.8935942532892,-1788.0625946997156
-523.727566448626,-696.9461849344533
0.0,0.0
-4401.9415622547995,-7419.736635108047
0.0,0.0
-1504.2596370727792,-2556.6508512488867
0.0,0.0
-239.78644604939615,-338.40952515522486
-665.0232070549445,-885.7196333750821
-665.0230304712,-885.7194445371574
-665.0227327200082,-885.7191326946862
-651.705892609483,-894.0455444516093
-523.7276826352827,-696.9463122851178
-710.9276508111395,-964.7950742286047
-526.4554132915875,-679.8834525829031
-3113.817409665287,-4175.290313739874
-1437.7052007807235,-1898.8992609238546
-1388.00180138394,-1855.754021017788
-272.78224781421784,-384.10050170111526
-2449.468204497701,-4198.066619195713
-128.1931616102505,-167.26761095185827
-3261.5117865671714,-5220.44144787112
-3261.508292026251,-5220.437731598839
0.0,0.0
-3617.166624841499,-5755.205716533125
-2551.434425830194,-4451.856812226567
-3617.1702751722796,-5755.209384679601
-6503.389218398283,-9820.382722139018
-2434.3250367411924,-3136.9215746833065
0.0,0.0
-2590.76687026358,-3273.471590304039
0.0,0.0
0.0,0.0
0.0,0.0
-4285.207672142298,-5777.322217430092
2.140070970568786e-05,2.0141832475673027e-05
0.0,0.0
0.0,0.0
0.0,0.0
0.0,0.0
-1880.2053306682117,-2593.9911112381737
0.0,0.0
-601.1286955638708,-847.0810633817651
-335.1856425271707,-446.0455583581144
0.0,0.0
-2104.0117158795733,-3546.437995194925
0.0,0.0
-718.99634635414,-1222.0115302224435
0.0,0.0
-86.21879889941643,-121.68020034374263
-425.61485251522146,-566.8605653601362
-425.61473950154226,-566.8604445037429
-425.61454894085176,-566.8602449246685
-417.0917712700398,-572.1891484489888
-335.1857168865823,-446.04563986247683
-454.99369651905425,-617.4688475062015
-336.9314645066355,-435.12540965308756
-1719.0866949194028,-2305.108194043926
-793.7330795977122,-1048.350633635073
-766.2926611806975,-1024.5308657702078
-98.08293235542516,-138.10907354827162
-1170.781058096948,-2006.5648818623154
-26.555692926155086,-34.65011126282339
-1558.916426619115,-2495.233026845889
-1558.9147563209056,-2495.2312505659456
0.0,0.0
-1728.9100387458777,-2750.836212528015
-1219.5182167514263,-2127.8698860201844
-1728.9117835074371,-2750.8379658049807
-1318.44960818799,-1990.9126330054146
-748.3046770410638,-964.2808788545975
0.0,0.0
-796.3944571413507,-1006.2559700180904
0.0,0.0
0.0,0.0
