Bus ID,typeindx,sourceindx,stid,cyid,TIER1,TIER2,TIER3,Fuel Type,NOx,SO2,NH3,SOA,PM25,VOC,Min MW,Max MW
101,2,74.0,4.0,12.0,1.0,2.0,1.0,Oil,3.588028510839255e-23,2.8704228086714038e-24,0,0,2.583380527804263e-24,0.04,8,20.0
101,2,74.0,4.0,12.0,1.0,2.0,1.0,Oil,3.588028510839255e-23,2.890404810039907e-15,0,0,2.583380527804263e-24,0.04,8,20.0
101,2,74.0,4.0,12.0,1.0,1.0,1.0,Coal,4.260980936980629e-23,8.020873347860742e-18,0,0,0.0,0.003,30,76.0
101,2,74.0,4.0,12.0,1.0,1.0,1.0,Coal,4.260980936980629e-23,8.020873347860742e-18,0,0,0.0,0.003,30,76.0
102,2,82.0,4.0,27.0,1.0,2.0,1.0,Oil,2.1031495246696105e-20,2.890404810039907e-15,0,0,1.5142676577621191e-21,0.04,8,20.0
102,2,82.0,4.0,27.0,1.0,2.0,1.0,Oil,2.1031495246696105e-20,2.890404810039907e-15,0,0,1.5142676577621191e-21,0.04,8,20.0
102,2,82.0,4.0,27.0,1.0,1.0,1.0,Coal,4.260980936980629e-23,8.020873347860742e-18,0,0,0.0,0.003,30,76.0
102,2,82.0,4.0,27.0,1.0,1.0,1.0,Coal,4.260980936980629e-23,8.020873347860742e-18,0,0,0.0,0.003,30,76.0
107,2,76.0,4.0,15.0,1.0,3.0,1.0,NG,3.3650391553453957e-21,8.671214430119717e-18,0,0,0.0,0.0,170,355.0
113,2,193.0,6.0,71.0,1.0,3.0,1.0,NG,3.3650391553453957e-21,8.671214430119717e-18,0,0,0.0,0.0,22,55.0
113,2,193.0,6.0,71.0,1.0,3.0,1.0,NG,3.3650391553453957e-21,8.671214430119717e-18,0,0,0.0,0.0,22,55.0
113,2,193.0,6.0,71.0,1.0,3.0,1.0,NG,3.3650391553453957e-21,8.671214430119717e-18,0,0,0.0,0.0,22,55.0
113,2,193.0,6.0,71.0,1.0,3.0,1.0,NG,3.3650391553453957e-21,8.671214430119717e-18,0,0,0.0,0.0,22,55.0
115,2,190.0,6.0,65.0,1.0,2.0,1.0,Oil,6.75384406857152e-22,2.0565230223433937e-17,0,0,0.0,0.007,5,12.0
115,2,190.0,6.0,65.0,1.0,2.0,1.0,Oil,6.75384406857152e-22,2.0565230223433937e-17,0,0,0.0,0.007,5,12.0
115,2,190.0,6.0,65.0,1.0,1.0,1.0,Coal,2.458581794338775e-23,1.0116416835139673e-19,0,0,2.6836187934784218e-24,0.003,62,155.0
116,2,190.0,6.0,65.0,1.0,1.0,1.0,Coal,2.458581794338775e-23,1.0116416835139673e-19,0,0,2.6836187934784218e-24,0.003,62,155.0
118,2,190.0,6.0,65.0,1.0,3.0,1.0,NG,3.3650391553453957e-21,8.671214430119717e-18,0,0,0.0,0.0,170,355.0
123,2,193.0,6.0,71.0,1.0,1.0,1.0,Coal,2.458581794338775e-23,1.0116416835139673e-19,0,0,2.6836187934784218e-24,0.003,62,155.0
123,2,193.0,6.0,71.0,1.0,1.0,1.0,Coal,2.458581794338775e-23,1.0116416835139673e-19,0,0,2.6836187934784218e-24,0.003,140,350.0
123,2,193.0,6.0,71.0,1.0,3.0,1.0,NG,3.3650391553453957e-21,8.671214430119717e-18,0,0,0.0,0.0,22,55.0
123,2,193.0,6.0,71.0,1.0,3.0,1.0,NG,3.3650391553453957e-21,8.671214430119717e-18,0,0,0.0,0.0,22,55.0
123,2,193.0,6.0,71.0,1.0,3.0,1.0,NG,3.3650391553453957e-21,8.671214430119717e-18,0,0,0.0,0.0,22,55.0
201,2,76.0,4.0,15.0,1.0,2.0,1.0,Oil,2.1031495246696105e-20,2.890404810039907e-15,0,0,1.5142676577621191e-21,0.04,8,20.0
201,2,76.0,4.0,15.0,1.0,2.0,1.0,Oil,2.1031495246696105e-20,2.890404810039907e-15,0,0,1.5142676577621191e-21,0.04,8,20.0
201,2,76.0,4.0,15.0,1.0,1.0,1.0,Coal,4.260980936980629e-23,8.020873347860742e-18,0,0,0.0,0.003,30,76.0
202,2,76.0,4.0,15.0,1.0,2.0,1.0,Oil,2.1031495246696105e-20,2.890404810039907e-15,0,0,1.5142676577621191e-21,0.04,8,20.0
202,2,76.0,4.0,15.0,1.0,2.0,1.0,Oil,2.1031495246696105e-20,2.890404810039907e-15,0,0,1.5142676577621191e-21,0.04,8,20.0
202,2,76.0,4.0,15.0,1.0,1.0,1.0,Coal,4.260980936980629e-23,8.020873347860742e-18,0,0,0.0,0.003,30,76.0
202,2,76.0,4.0,15.0,1.0,1.0,1.0,Coal,4.260980936980629e-23,8.020873347860742e-18,0,0,0.0,0.003,30,76.0
207,2,70.0,4.0,5.0,1.0,3.0,1.0,NG,3.3650391553453957e-21,8.671214430119717e-18,0,0,0.0,0.0,22,55.0
207,2,70.0,4.0,5.0,1.0,3.0,1.0,NG,3.3650391553453957e-21,8.671214430119717e-18,0,0,0.0,0.0,22,55.0
213,2,1715.0,32.0,3.0,1.0,3.0,1.0,NG,3.3650391553453957e-21,8.671214430119717e-18,0,0,0.0,0.0,170,355.0
213,2,1715.0,32.0,3.0,1.0,3.0,1.0,NG,3.3650391553453957e-21,8.671214430119717e-18,0,0,0.0,0.0,22,55.0
213,2,1715.0,32.0,3.0,1.0,3.0,1.0,NG,3.3650391553453957e-21,8.671214430119717e-18,0,0,0.0,0.0,22,55.0
215,2,1715.0,32.0,3.0,1.0,3.0,1.0,NG,3.3650391553453957e-21,8.671214430119717e-18,0,0,0.0,0.0,22,55.0
215,2,1715.0,32.0,3.0,1.0,3.0,1.0,NG,3.3650391553453957e-21,8.671214430119717e-18,0,0,0.0,0.0,22,55.0
216,2,1715.0,32.0,3.0,1.0,1.0,1.0,Coal,3.7961848920286463e-23,9.2203913440273e-19,0,0,2.6836187934784218e-24,0.003,62,155.0
218,2,193.0,6.0,71.0,1.0,3.0,1.0,NG,3.3650391553453957e-21,8.671214430119717e-18,0,0,0.0,0.0,170,355.0
221,2,193.0,6.0,71.0,1.0,3.0,1.0,NG,3.3650391553453957e-21,8.671214430119717e-18,0,0,0.0,0.0,170,355.0
223,2,1715.0,32.0,3.0,1.0,1.0,1.0,Coal,3.7961848920286463e-23,9.2203913440273e-19,0,0,2.6836187934784218e-24,0.003,62,155.0
223,2,1715.0,32.0,3.0,1.0,1.0,1.0,Coal,3.7961848920286463e-23,9.2203913440273e-19,0,0,2.6836187934784218e-24,0.003,62,155.0
223,2,1715.0,32.0,3.0,1.0,1.0,1.0,Coal,3.7961848920286463e-23,9.2203913440273e-19,0,0,2.6836187934784218e-24,0.003,140,350.0
223,2,1715.0,32.0,3.0,1.0,3.0,1.0,NG,3.3650391553453957e-21,8.671214430119717e-18,0,0,0.0,0.0,22,55.0
223,2,1715.0,32.0,3.0,1.0,3.0,1.0,NG,3.3650391553453957e-21,8.671214430119717e-18,0,0,0.0,0.0,22,55.0
223,2,1715.0,32.0,3.0,1.0,3.0,1.0,NG,3.3650391553453957e-21,8.671214430119717e-18,0,0,0.0,0.0,22,55.0
301,2,172.0,6.0,29.0,1.0,2.0,1.0,Oil,2.1031495246696105e-20,2.890404810039907e-15,0,0,1.5142676577621191e-21,0.04,8,20.0
301,2,172.0,6.0,29.0,1.0,2.0,1.0,Oil,2.1031495246696105e-20,2.890404810039907e-15,0,0,1.5142676577621191e-21,0.04,8,20.0
301,2,172.0,6.0,29.0,1.0,3.0,1.0,NG,3.3650391553453957e-21,8.671214430119717e-18,0,0,0.0,0.0,22,55.0
301,2,172.0,6.0,29.0,1.0,3.0,1.0,NG,3.3650391553453957e-21,8.671214430119717e-18,0,0,0.0,0.0,22,55.0
302,2,172.0,6.0,29.0,1.0,2.0,1.0,Oil,2.1031495246696105e-20,2.890404810039907e-15,0,0,1.5142676577621191e-21,0.04,8,20.0
302,2,172.0,6.0,29.0,1.0,2.0,1.0,Oil,2.1031495246696105e-20,2.890404810039907e-15,0,0,1.5142676577621191e-21,0.04,8,20.0
302,2,172.0,6.0,29.0,1.0,3.0,1.0,NG,3.3650391553453957e-21,8.671214430119717e-18,0,0,0.0,0.0,22,55.0
302,2,172.0,6.0,29.0,1.0,3.0,1.0,NG,3.3650391553453957e-21,8.671214430119717e-18,0,0,0.0,0.0,22,55.0
307,2,176.0,6.0,37.0,1.0,3.0,1.0,NG,3.3650391553453957e-21,8.671214430119717e-18,0,0,0.0,0.0,22,55.0
307,2,176.0,6.0,37.0,1.0,3.0,1.0,NG,3.3650391553453957e-21,8.671214430119717e-18,0,0,0.0,0.0,22,55.0
313,2,176.0,6.0,37.0,1.0,3.0,1.0,NG,3.3650391553453957e-21,8.671214430119717e-18,0,0,0.0,0.0,170,355.0
315,2,193.0,6.0,71.0,1.0,2.0,1.0,Oil,6.75384406857152e-22,2.0565230223433937e-17,0,0,0.0,0.007,5,12.0
315,2,193.0,6.0,71.0,1.0,2.0,1.0,Oil,6.75384406857152e-22,2.0565230223433937e-17,0,0,0.0,0.007,5,12.0
315,2,193.0,6.0,71.0,1.0,2.0,1.0,Oil,6.75384406857152e-22,2.0565230223433937e-17,0,0,0.0,0.007,5,12.0
315,2,193.0,6.0,71.0,1.0,2.0,1.0,Oil,6.75384406857152e-22,2.0565230223433937e-17,0,0,0.0,0.007,5,12.0
315,2,193.0,6.0,71.0,1.0,2.0,1.0,Oil,6.75384406857152e-22,2.0565230223433937e-17,0,0,0.0,0.007,5,12.0
315,2,193.0,6.0,71.0,1.0,3.0,1.0,NG,3.3650391553453957e-21,8.671214430119717e-18,0,0,0.0,0.0,22,55.0
315,2,193.0,6.0,71.0,1.0,3.0,1.0,NG,3.3650391553453957e-21,8.671214430119717e-18,0,0,0.0,0.0,22,55.0
315,2,193.0,6.0,71.0,1.0,3.0,1.0,NG,3.3650391553453957e-21,8.671214430119717e-18,0,0,0.0,0.0,22,55.0
316,2,193.0,6.0,71.0,1.0,1.0,1.0,Coal,2.458581794338775e-23,1.0116416835139673e-19,0,0,2.6836187934784218e-24,0.003,62,155.0
318,2,193.0,6.0,71.0,1.0,3.0,1.0,NG,3.3650391553453957e-21,8.671214430119717e-18,0,0,0.0,0.0,170,355.0
321,2,193.0,6.0,71.0,1.0,3.0,1.0,NG,3.3650391553453957e-21,8.671214430119717e-18,0,0,0.0,0.0,170,355.0
322,2,171.0,6.0,27.0,1.0,3.0,1.0,NG,3.3650391553453957e-21,8.671214430119717e-18,0,0,0.0,0.0,22,55.0
322,2,171.0,6.0,27.0,1.0,3.0,1.0,NG,3.3650391553453957e-21,8.671214430119717e-18,0,0,0.0,0.0,22,55.0
323,2,193.0,6.0,71.0,1.0,3.0,1.0,NG,3.3650391553453957e-21,8.671214430119717e-18,0,0,0.0,0.0,170,355.0
323,2,193.0,6.0,71.0,1.0,3.0,1.0,NG,3.3650391553453957e-21,8.671214430119717e-18,0,0,0.0,0.0,170,355.0
114,2,190.0,6.0,65.0,,,,Sync_Cond,0.0,0.0,0,0,0.0,0.0,0,0.0
121,2,190.0,6.0,65.0,1.0,4.0,99.0,Nuclear,0.0,0.0,0,0,0.0,0.0,396,400.0
122,2,194.0,6.0,73.0,1.0,4.0,99.0,Hydro,0.0,0.0,0,0,0.0,0.0,0,50.0
122,2,194.0,6.0,73.0,1.0,4.0,99.0,Hydro,0.0,0.0,0,0,0.0,0.0,0,50.0
122,2,194.0,6.0,73.0,1.0,4.0,99.0,Hydro,0.0,0.0,0,0,0.0,0.0,0,50.0
122,2,194.0,6.0,73.0,1.0,4.0,99.0,Hydro,0.0,0.0,0,0,0.0,0.0,0,50.0
122,2,194.0,6.0,73.0,1.0,4.0,99.0,Hydro,0.0,0.0,0,0,0.0,0.0,0,50.0
122,2,194.0,6.0,73.0,1.0,4.0,99.0,Hydro,0.0,0.0,0,0,0.0,0.0,0,50.0
201,2,76.0,4.0,15.0,1.0,4.0,99.0,Hydro,0.0,0.0,0,0,0.0,0.0,0,50.0
214,2,76.0,4.0,15.0,,,,Sync_Cond,0.0,0.0,0,0,0.0,0.0,0,0.0
215,2,1715.0,32.0,3.0,1.0,4.0,99.0,Hydro,0.0,0.0,0,0,0.0,0.0,0,50.0
215,2,1715.0,32.0,3.0,1.0,4.0,99.0,Hydro,0.0,0.0,0,0,0.0,0.0,0,50.0
215,2,1715.0,32.0,3.0,1.0,4.0,99.0,Hydro,0.0,0.0,0,0,0.0,0.0,0,50.0
222,2,1715.0,32.0,3.0,1.0,4.0,99.0,Hydro,0.0,0.0,0,0,0.0,0.0,0,50.0
222,2,1715.0,32.0,3.0,1.0,4.0,99.0,Hydro,0.0,0.0,0,0,0.0,0.0,0,50.0
222,2,1715.0,32.0,3.0,1.0,4.0,99.0,Hydro,0.0,0.0,0,0,0.0,0.0,0,50.0
222,2,1715.0,32.0,3.0,1.0,4.0,99.0,Hydro,0.0,0.0,0,0,0.0,0.0,0,50.0
222,2,1715.0,32.0,3.0,1.0,4.0,99.0,Hydro,0.0,0.0,0,0,0.0,0.0,0,50.0
222,2,1715.0,32.0,3.0,1.0,4.0,99.0,Hydro,0.0,0.0,0,0,0.0,0.0,0,50.0
314,2,172.0,6.0,29.0,,,,Sync_Cond,0.0,0.0,0,0,0.0,0.0,0,0.0
322,2,171.0,6.0,27.0,1.0,4.0,99.0,Hydro,0.0,0.0,0,0,0.0,0.0,0,50.0
322,2,171.0,6.0,27.0,1.0,4.0,99.0,Hydro,0.0,0.0,0,0,0.0,0.0,0,50.0
322,2,171.0,6.0,27.0,1.0,4.0,99.0,Hydro,0.0,0.0,0,0,0.0,0.0,0,50.0
322,2,171.0,6.0,27.0,1.0,4.0,99.0,Hydro,0.0,0.0,0,0,0.0,0.0,0,50.0
320,2,193.0,6.0,71.0,1.0,4.0,99.0,Solar,0.0,0.0,0,0,0.0,0.0,0,51.6
314,2,172.0,6.0,29.0,1.0,4.0,99.0,Solar,0.0,0.0,0,0,0.0,0.0,0,51.6
314,2,172.0,6.0,29.0,1.0,4.0,99.0,Solar,0.0,0.0,0,0,0.0,0.0,0,51.6
313,2,176.0,6.0,37.0,1.0,4.0,99.0,Solar,0.0,0.0,0,0,0.0,0.0,0,95.1
314,2,172.0,6.0,29.0,1.0,4.0,99.0,Solar,0.0,0.0,0,0,0.0,0.0,0,92.7
314,2,172.0,6.0,29.0,1.0,4.0,99.0,Solar,0.0,0.0,0,0,0.0,0.0,0,51.6
313,2,176.0,6.0,37.0,1.0,4.0,99.0,Solar,0.0,0.0,0,0,0.0,0.0,0,93.3
310,2,176.0,6.0,37.0,1.0,4.0,99.0,Solar,0.0,0.0,0,0,0.0,0.0,0,51.7
324,2,172.0,6.0,29.0,1.0,4.0,99.0,Solar,0.0,0.0,0,0,0.0,0.0,0,49.7
312,2,176.0,6.0,37.0,1.0,4.0,99.0,Solar,0.0,0.0,0,0,0.0,0.0,0,94.1
310,2,176.0,6.0,37.0,1.0,4.0,99.0,Solar,0.0,0.0,0,0,0.0,0.0,0,51.6
324,2,172.0,6.0,29.0,1.0,4.0,99.0,Solar,0.0,0.0,0,0,0.0,0.0,0,51.6
324,2,172.0,6.0,29.0,1.0,4.0,99.0,Solar,0.0,0.0,0,0,0.0,0.0,0,51.0
113,2,193.0,6.0,71.0,1.0,4.0,99.0,Solar,0.0,0.0,0,0,0.0,0.0,0,93.6
319,2,193.0,6.0,71.0,1.0,4.0,99.0,Solar,0.0,0.0,0,0,0.0,0.0,0,188.2
215,2,1715.0,32.0,3.0,1.0,4.0,99.0,Solar,0.0,0.0,0,0,0.0,0.0,0,125.1
102,2,82.0,4.0,27.0,1.0,4.0,99.0,Solar,0.0,0.0,0,0,0.0,0.0,0,25.6
101,2,74.0,4.0,12.0,1.0,4.0,99.0,Solar,0.0,0.0,0,0,0.0,0.0,0,25.9
102,2,82.0,4.0,27.0,1.0,4.0,99.0,Solar,0.0,0.0,0,0,0.0,0.0,0,25.3
104,2,74.0,4.0,12.0,1.0,4.0,99.0,Solar,0.0,0.0,0,0,0.0,0.0,0,26.8
212,2,76.0,4.0,15.0,1.0,4.0,99.0,Solar,0.0,0.0,0,0,0.0,0.0,30,200.0
101,2,74.0,4.0,12.0,1.0,4.0,99.0,Solar,0.0,0.0,0,0,0.0,0.0,0,26.7
101,2,74.0,4.0,12.0,1.0,4.0,99.0,Solar,0.0,0.0,0,0,0.0,0.0,0,26.2
101,2,74.0,4.0,12.0,1.0,4.0,99.0,Solar,0.0,0.0,0,0,0.0,0.0,0,25.8
103,2,190.0,6.0,65.0,1.0,4.0,99.0,Solar,0.0,0.0,0,0,0.0,0.0,0,61.5
119,2,190.0,6.0,65.0,1.0,4.0,99.0,Solar,0.0,0.0,0,0,0.0,0.0,0,66.6
308,2,176.0,6.0,37.0,1.0,4.0,99.0,Solar,0.0,0.0,0,0,0.0,0.0,0,100.9
313,2,176.0,6.0,37.0,1.0,4.0,99.0,Solar,0.0,0.0,0,0,0.0,0.0,0,101.7
313,2,176.0,6.0,37.0,1.0,4.0,99.0,Solar,0.0,0.0,0,0,0.0,0.0,0,63.1
313,2,176.0,6.0,37.0,1.0,4.0,99.0,Solar,0.0,0.0,0,0,0.0,0.0,0,65.4
313,2,176.0,6.0,37.0,1.0,4.0,99.0,Solar,0.0,0.0,0,0,0.0,0.0,0,67.0
313,2,176.0,6.0,37.0,1.0,4.0,99.0,Solar,0.0,0.0,0,0,0.0,0.0,0,64.8
313,2,176.0,6.0,37.0,1.0,4.0,99.0,Solar,0.0,0.0,0,0,0.0,0.0,0,63.8
313,2,176.0,6.0,37.0,1.0,4.0,99.0,Solar,0.0,0.0,0,0,0.0,0.0,0,64.1
313,2,176.0,6.0,37.0,1.0,4.0,99.0,Solar,0.0,0.0,0,0,0.0,0.0,0,66.6
313,2,176.0,6.0,37.0,1.0,4.0,99.0,Solar,0.0,0.0,0,0,0.0,0.0,0,62.4
313,2,176.0,6.0,37.0,1.0,4.0,99.0,Solar,0.0,0.0,0,0,0.0,0.0,0,66.9
313,2,176.0,6.0,37.0,1.0,4.0,99.0,Solar,0.0,0.0,0,0,0.0,0.0,0,65.2
313,2,176.0,6.0,37.0,1.0,4.0,99.0,Solar,0.0,0.0,0,0,0.0,0.0,0,27.8
320,2,193.0,6.0,71.0,1.0,4.0,99.0,Solar,0.0,0.0,0,0,0.0,0.0,0,27.3
320,2,193.0,6.0,71.0,1.0,4.0,99.0,Solar,0.0,0.0,0,0,0.0,0.0,0,27.0
320,2,193.0,6.0,71.0,1.0,4.0,99.0,Solar,0.0,0.0,0,0,0.0,0.0,0,28.3
313,2,176.0,6.0,37.0,1.0,4.0,99.0,Solar,0.0,0.0,0,0,0.0,0.0,0,27.2
320,2,193.0,6.0,71.0,1.0,4.0,99.0,Solar,0.0,0.0,0,0,0.0,0.0,0,27.0
320,2,193.0,6.0,71.0,1.0,4.0,99.0,Solar,0.0,0.0,0,0,0.0,0.0,0,28.2
118,2,190.0,6.0,65.0,1.0,4.0,99.0,Solar,0.0,0.0,0,0,0.0,0.0,0,9.3
118,2,190.0,6.0,65.0,1.0,4.0,99.0,Solar,0.0,0.0,0,0,0.0,0.0,0,9.7
118,2,190.0,6.0,65.0,1.0,4.0,99.0,Solar,0.0,0.0,0,0,0.0,0.0,0,9.4
118,2,190.0,6.0,65.0,1.0,4.0,99.0,Solar,0.0,0.0,0,0,0.0,0.0,0,9.1
118,2,190.0,6.0,65.0,1.0,4.0,99.0,Solar,0.0,0.0,0,0,0.0,0.0,0,9.1
118,2,190.0,6.0,65.0,1.0,4.0,99.0,Solar,0.0,0.0,0,0,0.0,0.0,0,9.7
320,2,193.0,6.0,71.0,1.0,4.0,99.0,Solar,0.0,0.0,0,0,0.0,0.0,0,9.4
118,2,190.0,6.0,65.0,1.0,4.0,99.0,Solar,0.0,0.0,0,0,0.0,0.0,0,11.8
118,2,190.0,6.0,65.0,1.0,4.0,99.0,Solar,0.0,0.0,0,0,0.0,0.0,0,11.2
118,2,190.0,6.0,65.0,1.0,4.0,99.0,Solar,0.0,0.0,0,0,0.0,0.0,0,10.3
118,2,190.0,6.0,65.0,1.0,4.0,99.0,Solar,0.0,0.0,0,0,0.0,0.0,0,4.5
213,2,1715.0,32.0,3.0,1.0,4.0,99.0,Solar,0.0,0.0,0,0,0.0,0.0,0,13.2
309,2,176.0,6.0,37.0,1.0,4.0,99.0,Wind,0.0,0.0,0,0,0.0,0.0,0,148.3
317,2,193.0,6.0,71.0,1.0,4.0,99.0,Wind,0.0,0.0,0,0,0.0,0.0,0,799.1
303,2,172.0,6.0,29.0,1.0,4.0,99.0,Wind,0.0,0.0,0,0,0.0,0.0,0,847.0
122,2,194.0,6.0,73.0,1.0,4.0,99.0,Wind,0.0,0.0,0,0,0.0,0.0,0,713.5
313,2,176.0,6.0,37.0,,,,Storage,0.0,0.0,0,0,0.0,0.0,0,50.0
