0.000000000000000000e+00
5.374672901722723140e+01
7.246656191291578401e-07
0.000000000000000000e+00
0.000000000000000000e+00
1.169190877666764550e+01
0.000000000000000000e+00
7.348003919583820043e+00
0.000000000000000000e+00
2.542076053944515024e+03
9.431391249592208226e+01
0.000000000000000000e+00
1.468668175233070201e+02
0.000000000000000000e+00
5.060653736886130361e+01
1.171227524182394745e+03
4.100082128042653267e+02
1.198595841790736785e+02
1.198595279142268026e+02
1.198595550526913200e+02
1.209862509929198779e+02
9.431390831864381141e+01
1.305604286454129408e+02
9.200488314461722439e+01
6.529686932203776273e+00
2.969645379289908682e+00
2.902121261470498315e+00
4.653661864536261987e+02
8.309683436589203609e+01
1.176945412868455833e+03
1.033338688267716208e+02
1.033337276233113045e+02
0.000000000000000000e+00
1.139190729568042286e+02
8.812035421713601124e+01
1.139191188086145843e+02
1.758232368409921094e+02
3.725641543621768648e+01
0.000000000000000000e+00
3.887820448053059863e+01
1.169192357828745621e+01
1.169190709706035136e+01