0.000000000000000000e+00
3.986551108233063445e+01
8.297763289472955791e-07
0.000000000000000000e+00
0.000000000000000000e+00
9.173699787088585467e+00
0.000000000000000000e+00
5.326068296491544451e+00
0.000000000000000000e+00
1.803977128617686503e+03
7.087318865967262127e+01
0.000000000000000000e+00
8.713235489303770009e+01
0.000000000000000000e+00
2.977542623445600256e+01
8.733223270358625996e+02
2.905190461379883686e+02
8.999394944427116627e+01
8.999389713638589683e+01
8.999392266826922082e+01
8.819176030838676184e+01
7.087318509280464696e+01
9.620594490670536914e+01
7.124231053328479391e+01
4.869667357602610380e+00
2.248393022858907742e+00
2.170614480160758308e+00
3.304958770075545544e+02
4.848494628896055048e+01
9.020057872755376138e+02
6.455866331908775635e+01
6.455853305633793582e+01
0.000000000000000000e+00
7.159856160293067262e+01
5.050325265306687328e+01
7.159860748392492269e+01
1.164360843566790749e+02
2.891185543812598624e+01
0.000000000000000000e+00
3.076989355201919452e+01
9.173712714069887753e+00
9.173698414433641091e+00